kinematics:
  shoulder:
    x: 0
    y: 0
    z: 0.1627604063574511
    roll: -0
    pitch: 0
    yaw: -4.020128659132371e-08
  upper_arm:
    x: 0.0002700385852624376
    y: 0
    z: 0
    roll: 1.571110580387217
    pitch: 0
    yaw: -4.057408057065355e-06
  forearm:
    x: -0.4251907561316645
    y: 0
    z: 0
    roll: 0.001050703382394973
    pitch: -0.000582131310581193
    yaw: -7.190556512070039e-07
  wrist_1:
    x: -0.3923732765266957
    y: -0.0007749719021535105
    z: 0.1336678330230855
    roll: 0.005797679228740709
    pitch: 0.0006668773220987477
    yaw: -4.180855877143902e-06
  wrist_2:
    x: 1.954867513345945e-05
    y: -0.09970065648690075
    z: 0.0001012002082521201
    roll: 1.569781286602963
    pitch: 0
    yaw: -8.142119912873945e-07
  wrist_3:
    x: -4.003974441089636e-05
    y: 0.09959722976421063
    z: 7.46863249878703e-05
    roll: 1.571546210211989
    pitch: 3.141592653589793
    yaw: -3.141592288657186
  hash: calib_17043176566814783991